***************************************************************************
**  THIS IS AN EXACT COPY OF THE ORIGINAL FILE USED FOR ACQUISITION.     **
**  THIS HEADER HAS BEEN ADDED TO IDENTIFY THIS AS A 'REFERENCE ONLY'    **
**  FILE.  IT IS MEANT ONLY FOR ARCHIVAL AND DIAGNOSTIC PURPOSES.        **
***************************************************************************

108701.44
108077.26
107453.07
106828.89
106204.70
105580.52
104956.33
104332.15
103707.96
103083.77
102459.59
101835.40
101211.22
100587.03
99962.85
99338.66
98714.48
98090.29
97466.11
96841.92
96217.73
95593.55
94969.36
94345.18
93720.99
93096.81
92472.62
91848.44
91224.25
90600.07
89975.88
89351.70
88727.51
88103.32
87479.14
86854.95
86230.77
85606.58
84982.40
84358.21
83734.03
83109.84
82485.66
81861.47
81237.28
80613.10
79988.91
79364.73
78740.54
78116.36
77492.17
76867.99
76243.80
75619.62
74995.43
74371.24
73747.06
73122.87
72498.69
71874.50
71250.32
70626.13
70001.95
69377.76
68753.58
68129.39
67505.20
66881.02
66256.83
65632.65
65008.46
64384.28
63760.09
63135.91
62511.72
61887.54
61263.35
60639.17
60014.98
59390.79
58766.61
58142.42
57518.24
56894.05
56269.87
55645.68
55021.50
54397.31
53773.13
53148.94
52524.75
51900.57
51276.38
50652.20
50028.01
49403.83
48779.64
48155.46
47531.27
46907.09
46282.90
45658.71
45034.53
44410.34
43786.16
43161.97
42537.79
41913.60
41289.42
40665.23
40041.05
39416.86
38792.67
38168.49
37544.30
36920.12
36295.93
35671.75
35047.56
34423.38
33799.19
33175.01
32550.82
31926.64
31302.45
30678.26
30054.08
29429.89
28805.71
28181.52
27557.34
26933.15
26308.97
25684.78
25060.60
24436.41
23812.22
23188.04
22563.85
21939.67
21315.48
20691.30
20067.11
19442.93
18818.74
18194.56
17570.37
16946.18
16322.00
15697.81
15073.63
14449.44
13825.26
13201.07
12576.89
11952.70
11328.52
10704.33
